Sizing plot data

Configuration: Tilt rotor (Duffy et al.)

L/D (dimensionless)

9.00	11.00	13.00	15.00	
9.00	11.00	13.00	15.00	
9.00	11.00	13.00	15.00	
9.00	11.00	13.00	15.00	

T/A (lbf/ft^2)

4.00	4.00	4.00	4.00	
8.00	8.00	8.00	8.00	
12.00	12.00	12.00	12.00	
16.00	16.00	16.00	16.00	

TOGW (lbf)

3264.20	2833.76	2596.69	2446.60	
3414.91	2946.65	2691.17	2530.30	
3540.34	3039.57	2768.47	2598.51	
3653.46	3122.58	2837.17	2658.94	

Cost per trip, per passenger

63.72	52.16	45.98	42.22	
69.24	56.22	49.29	45.14	
72.52	58.54	51.17	46.71	
75.51	60.63	52.85	48.11	

SPL (unweighted)

61.33	60.71	60.33	60.08	
67.54	66.90	66.51	66.24	
71.22	70.56	70.15	69.88	
73.86	73.18	72.76	72.48	

SPL (A-weighted)

62.51	61.87	61.47	61.19	
68.08	67.32	66.85	66.53	
71.02	70.18	69.66	69.31	
72.98	72.07	71.51	71.13	
