XROTOR VERSION:  7.55
Arbitrary blade                 
!         Rho          Vso          Rmu           Alt
   1.2260       340.00      0.17800E-04   0.0000    
!         Rad          Vel          Adv          Rake
   1.1910       1.0000      0.10000       0.0000    
!         XI0          XIW
  0.16037E-01  0.16037E-01
!  Naero
     1
!   Xisection
   0.0000    
!       A0deg        dCLdA        CLmax         CLmin
   0.0000       6.2800       1.5000     -0.50000    
!  dCLdAstall     dCLstall      Cmconst         Mcrit
  0.10000      0.10000     -0.10000      0.80000    
!       CDmin      CLCDmin     dCDdCL^2
  0.13000E-01  0.50000      0.40000E-02
!       REref        REexp
  0.20000E+06 -0.40000    
!LVDuct  LDuct   LWind
  F       F       F
!   II Nblds
    30     4
!         r/R          C/R     Beta0deg         Ubody
  0.35384E-01  0.78500E-01   52.566       0.0000    
  0.80235E-01  0.78500E-01   47.483       0.0000    
  0.13149      0.78500E-01   42.379       0.0000    
  0.18287      0.78500E-01   37.309       0.0000    
  0.23389      0.78500E-01   32.329       0.0000    
  0.28434      0.78500E-01   27.496       0.0000    
  0.33404      0.78500E-01   22.865       0.0000    
  0.38284      0.78500E-01   18.494       0.0000    
  0.43061      0.78500E-01   14.437       0.0000    
  0.47720      0.78500E-01   10.752       0.0000    
  0.52250      0.78500E-01   7.4924       0.0000    
  0.56637      0.78500E-01   4.6750       0.0000    
  0.60869      0.78500E-01   2.2785       0.0000    
  0.64934      0.78500E-01  0.28016       0.0000    
  0.68822      0.78500E-01  -1.3427       0.0000    
  0.72521      0.78500E-01  -2.6129       0.0000    
  0.76022      0.78500E-01  -3.5531       0.0000    
  0.79314      0.78500E-01  -4.1861       0.0000    
  0.82389      0.78500E-01  -4.5347       0.0000    
  0.85239      0.78500E-01  -4.6217       0.0000    
  0.87855      0.78500E-01  -4.4697       0.0000    
  0.90230      0.78500E-01  -4.1015       0.0000    
  0.92358      0.78500E-01  -3.5400       0.0000    
  0.94233      0.78500E-01  -2.8077       0.0000    
  0.95850      0.78500E-01  -1.9276       0.0000    
  0.97204      0.78500E-01 -0.92235       0.0000    
  0.98292      0.78500E-01  0.18532       0.0000    
  0.99111      0.78500E-01   1.3726       0.0000    
  0.99658      0.78500E-01   2.6168       0.0000    
  0.99931      0.78500E-01   3.8951       0.0000    
!      URDuct
   1.0000    
