Standard-Atmospheric Data Table (SI Units)
h (m)	rho (kg/m^3)	a (m/s)	T (K)	P (Pa)	kvisc (m^2/s)
0.0	1.2250000181	340.29	288.15	101325.00000	0.000014607
100.0	1.2132827837	340.29	287.50	100129.43774	0.000014722
200.0	1.2016514845	340.29	286.85	98945.32399	0.000014839
300.0	1.1901056829	340.29	286.20	97772.57468	0.000014956
400.0	1.1786449424	340.29	285.55	96611.10620	0.000015075
500.0	1.1672688279	340.29	284.90	95460.83534	0.000015195
600.0	1.1559769054	340.29	284.25	94321.67931	0.000015316
700.0	1.1447687422	340.29	283.60	93193.55577	0.000015438
800.0	1.1336439069	340.29	282.95	92076.38279	0.000015562
900.0	1.1226019693	340.29	282.30	90970.07887	0.000015687
1000.0	1.1116425003	340.29	281.65	89874.56292	0.000015813
1100.0	1.1007650723	340.29	281.00	88789.75427	0.000015940
1200.0	1.0899692587	340.29	280.35	87715.57268	0.000016069
1300.0	1.0792546343	340.29	279.70	86651.93832	0.000016199
1400.0	1.0686207750	340.29	279.05	85598.77179	0.000016331
1500.0	1.0580672581	340.29	278.40	84555.99407	0.000016463
1600.0	1.0475936619	340.29	277.75	83523.52660	0.000016598
1700.0	1.0371995663	340.29	277.10	82501.29121	0.000016733
1800.0	1.0268845520	340.29	276.45	81489.21013	0.000016870
1900.0	1.0166482013	340.29	275.80	80487.20602	0.000017008
2000.0	1.0064900975	340.29	275.15	79495.20193	0.000017148
2100.0	0.9964098251	340.29	274.50	78513.12135	0.000017290
2200.0	0.9864069702	340.29	273.85	77540.88814	0.000017432
2300.0	0.9764811196	340.29	273.20	76578.42660	0.000017577
2400.0	0.9666318618	340.29	272.55	75625.66139	0.000017722
2500.0	0.9568587862	340.29	271.90	74682.51762	0.000017870
2600.0	0.9471614836	340.29	271.25	73748.92078	0.000018019
2700.0	0.9375395460	340.29	270.60	72824.79676	0.000018169
2800.0	0.9279925666	340.29	269.95	71910.07184	0.000018321
2900.0	0.9185201398	340.29	269.30	71004.67272	0.000018475
3000.0	0.9091218612	340.29	268.65	70108.52650	0.000018630
3100.0	0.8997973278	340.29	268.00	69221.56064	0.000018787
3200.0	0.8905461376	340.29	267.35	68343.70303	0.000018946
3300.0	0.8813678901	340.29	266.70	67474.88194	0.000019106
3400.0	0.8722621856	340.29	266.05	66615.02603	0.000019269
3500.0	0.8632286260	340.29	265.40	65764.06436	0.000019432
3600.0	0.8542668143	340.29	264.75	64921.92638	0.000019598
3700.0	0.8453763547	340.29	264.10	64088.54191	0.000019766
3800.0	0.8365568526	340.29	263.45	63263.84118	0.000019935
3900.0	0.8278079146	340.29	262.80	62447.75479	0.000020106
4000.0	0.8191291487	340.29	262.15	61640.21374	0.000020279
4100.0	0.8105201638	340.29	261.50	60841.14940	0.000020454
4200.0	0.8019805703	340.29	260.85	60050.49354	0.000020631
4300.0	0.7935099797	340.29	260.20	59268.17830	0.000020809
4400.0	0.7851080047	340.29	259.55	58494.13619	0.000020990
4500.0	0.7767742592	340.29	258.90	57728.30011	0.000021173
4600.0	0.7685083585	340.29	258.25	56970.60335	0.000021358
4700.0	0.7603099187	340.29	257.60	56220.97956	0.000021545
4800.0	0.7521785576	340.29	256.95	55479.36277	0.000021733
4900.0	0.7441138938	340.29	256.30	54745.68739	0.000021925
5000.0	0.7361155474	340.29	255.65	54019.88819	0.000022118
5100.0	0.7281831396	340.29	255.00	53301.90033	0.000022313
5200.0	0.7203162927	340.29	254.35	52591.65932	0.000022511
5300.0	0.7125146304	340.29	253.70	51889.10106	0.000022710
5400.0	0.7047777775	340.29	253.05	51194.16181	0.000022912
5500.0	0.6971053601	340.29	252.40	50506.77820	0.000023117
5600.0	0.6894970052	340.29	251.75	49826.88722	0.000023323
5700.0	0.6819523415	340.29	251.10	49154.42622	0.000023532
5800.0	0.6744709984	340.29	250.45	48489.33293	0.000023744
5900.0	0.6670526069	340.29	249.80	47831.54544	0.000023958
6000.0	0.6596967989	340.29	249.15	47181.00219	0.000024174
6100.0	0.6524032078	340.29	248.50	46537.64198	0.000024393
6200.0	0.6451714679	340.29	247.85	45901.40398	0.000024614
6300.0	0.6380012149	340.29	247.20	45272.22772	0.000024838
6400.0	0.6308920855	340.29	246.55	44650.05308	0.000025064
6500.0	0.6238437180	340.29	245.90	44034.82029	0.000025293
6600.0	0.6168557514	340.29	245.25	43426.46994	0.000025525
6700.0	0.6099278262	340.29	244.60	42824.94297	0.000025759
6800.0	0.6030595840	340.29	243.95	42230.18068	0.000025997
6900.0	0.5962506676	340.29	243.30	41642.12472	0.000026237
7000.0	0.5895007210	340.29	242.65	41060.71708	0.000026479
7100.0	0.5828093895	340.29	242.00	40485.90011	0.000026725
7200.0	0.5761763193	340.29	241.35	39917.61650	0.000026974
7300.0	0.5696011582	340.29	240.70	39355.80928	0.000027225
7400.0	0.5630835548	340.29	240.05	38800.42185	0.000027480
7500.0	0.5566231591	340.29	239.40	38251.39791	0.000027737
7600.0	0.5502196223	340.29	238.75	37708.68156	0.000027998
7700.0	0.5438725967	340.29	238.10	37172.21719	0.000028262
7800.0	0.5375817358	340.29	237.45	36641.94956	0.000028529
7900.0	0.5313466943	340.29	236.80	36117.82376	0.000028799
8000.0	0.5251671282	340.29	236.15	35599.78521	0.000029072
8100.0	0.5190426944	340.29	235.50	35087.77969	0.000029349
8200.0	0.5129730513	340.29	234.85	34581.75329	0.000029629
8300.0	0.5069578583	340.29	234.20	34081.65246	0.000029912
8400.0	0.5009967760	340.29	233.55	33587.42395	0.000030199
8500.0	0.4950894662	340.29	232.90	33099.01487	0.000030490
8600.0	0.4892355919	340.29	232.25	32616.37266	0.000030784
8700.0	0.4834348174	340.29	231.60	32139.44507	0.000031081
8800.0	0.4776868078	340.29	230.95	31668.18020	0.000031383
8900.0	0.4719912297	340.29	230.30	31202.52647	0.000031688
9000.0	0.4663477509	340.29	229.65	30742.43261	0.000031997
9100.0	0.4607560402	340.29	229.00	30287.84771	0.000032309
9200.0	0.4552157676	340.29	228.35	29838.72115	0.000032626
9300.0	0.4497266044	340.29	227.70	29395.00266	0.000032946
9400.0	0.4442882230	340.29	227.05	28956.64227	0.000033271
9500.0	0.4389002969	340.29	226.40	28523.59035	0.000033600
9600.0	0.4335625009	340.29	225.75	28095.79757	0.000033932
9700.0	0.4282745108	340.29	225.10	27673.21493	0.000034269
9800.0	0.4230360038	340.29	224.45	27255.79374	0.000034611
9900.0	0.4178466582	340.29	223.80	26843.48565	0.000034956
10000.0	0.4127061532	340.29	223.15	26436.24259	0.000035306
10100.0	0.4076141695	340.29	222.50	26034.01683	0.000035661
10200.0	0.4025703889	340.29	221.85	25636.76094	0.000036020
10300.0	0.3975744943	340.29	221.20	25244.42780	0.000036383
10400.0	0.3926261697	340.29	220.55	24856.97060	0.000036752
10500.0	0.3877251004	340.29	219.90	24474.34286	0.000037125
10600.0	0.3828709728	340.29	219.25	24096.49839	0.000037503
10700.0	0.3780634744	340.29	218.60	23723.39130	0.000037885
10800.0	0.3733022941	340.29	217.95	23354.97601	0.000038273
10900.0	0.3685871216	340.29	217.30	22991.20727	0.000038666
11000.0	0.3639176481	340.29	216.65	22632.04010	0.000039064
11100.0	0.3582240928	340.29	216.65	22277.95787	0.000039685
11200.0	0.3526196142	340.29	216.65	21929.41532	0.000040316
11300.0	0.3471028186	340.29	216.65	21586.32578	0.000040957
11400.0	0.3416723343	340.29	216.65	21248.60393	0.000041607
11500.0	0.3363268108	340.29	216.65	20916.16580	0.000042269
11600.0	0.3310649190	340.29	216.65	20588.92873	0.000042941
11700.0	0.3258853504	340.29	216.65	20266.81134	0.000043623
11800.0	0.3207868170	340.29	216.65	19949.73353	0.000044316
11900.0	0.3157680512	340.29	216.65	19637.61645	0.000045021
12000.0	0.3108278047	340.29	216.65	19330.38251	0.000045736
12100.0	0.3059648493	340.29	216.65	19027.95529	0.000046463
12200.0	0.3011779757	340.29	216.65	18730.25960	0.000047202
12300.0	0.2964659936	340.29	216.65	18437.22141	0.000047952
12400.0	0.2918277312	340.29	216.65	18148.76785	0.000048714
12500.0	0.2872620353	340.29	216.65	17864.82721	0.000049488
12600.0	0.2827677705	340.29	216.65	17585.32886	0.000050275
12700.0	0.2783438192	340.29	216.65	17310.20331	0.000051074
12800.0	0.2739890815	340.29	216.65	17039.38215	0.000051886
12900.0	0.2697024743	340.29	216.65	16772.79803	0.000052710
13000.0	0.2654829319	340.29	216.65	16510.38467	0.000053548
13100.0	0.2613294050	340.29	216.65	16252.07682	0.000054399
13200.0	0.2572408607	340.29	216.65	15997.81023	0.000055264
13300.0	0.2532162824	340.29	216.65	15747.52169	0.000056142
13400.0	0.2492546694	340.29	216.65	15501.14896	0.000057035
13500.0	0.2453550364	340.29	216.65	15258.63077	0.000057941
13600.0	0.2415164140	340.29	216.65	15019.90682	0.000058862
13700.0	0.2377378474	340.29	216.65	14784.91775	0.000059798
13800.0	0.2340183972	340.29	216.65	14553.60512	0.000060748
13900.0	0.2303571384	340.29	216.65	14325.91142	0.000061713
14000.0	0.2267531606	340.29	216.65	14101.78003	0.000062694
14100.0	0.2232055678	340.29	216.65	13881.15522	0.000063691
14200.0	0.2197134776	340.29	216.65	13663.98211	0.000064703
14300.0	0.2162760218	340.29	216.65	13450.20672	0.000065731
14400.0	0.2128923456	340.29	216.65	13239.77588	0.000066776
14500.0	0.2095616076	340.29	216.65	13032.63727	0.000067837
14600.0	0.2062829795	340.29	216.65	12828.73938	0.000068916
14700.0	0.2030556462	340.29	216.65	12628.03151	0.000070011
14800.0	0.1998788051	340.29	216.65	12430.46375	0.000071124
14900.0	0.1967516662	340.29	216.65	12235.98696	0.000072254
15000.0	0.1936734520	340.29	216.65	12044.55281	0.000073403
15100.0	0.1906433969	340.29	216.65	11856.11367	0.000074569
15200.0	0.1876607476	340.29	216.65	11670.62270	0.000075754
15300.0	0.1847247624	340.29	216.65	11488.03376	0.000076958
15400.0	0.1818347111	340.29	216.65	11308.30146	0.000078182
15500.0	0.1789898752	340.29	216.65	11131.38111	0.000079424
15600.0	0.1761895473	340.29	216.65	10957.22870	0.000080687
15700.0	0.1734330310	340.29	216.65	10785.80094	0.000081969
15800.0	0.1707196409	340.29	216.65	10617.05520	0.000083272
15900.0	0.1680487022	340.29	216.65	10450.94951	0.000084595
16000.0	0.1654195509	340.29	216.65	10287.44258	0.000085940
16100.0	0.1628315331	340.29	216.65	10126.49374	0.000087306
16200.0	0.1602840052	340.29	216.65	9968.06297	0.000088693
16300.0	0.1577763339	340.29	216.65	9812.11088	0.000090103
16400.0	0.1553078956	340.29	216.65	9658.59869	0.000091535
16500.0	0.1528780763	340.29	216.65	9507.48822	0.000092990
16600.0	0.1504862721	340.29	216.65	9358.74191	0.000094468
16700.0	0.1481318880	340.29	216.65	9212.32275	0.000095969
16800.0	0.1458143387	340.29	216.65	9068.19435	0.000097495
16900.0	0.1435330479	340.29	216.65	8926.32086	0.000099044
17000.0	0.1412874482	340.29	216.65	8786.66701	0.000100618
17100.0	0.1390769814	340.29	216.65	8649.19807	0.000102218
17200.0	0.1369010976	340.29	216.65	8513.87985	0.000103842
17300.0	0.1347592560	340.29	216.65	8380.67871	0.000105493
17400.0	0.1326509239	340.29	216.65	8249.56152	0.000107169
17500.0	0.1305755769	340.29	216.65	8120.49569	0.000108873
17600.0	0.1285326992	340.29	216.65	7993.44911	0.000110603
17700.0	0.1265217826	340.29	216.65	7868.39020	0.000112361
17800.0	0.1245423272	340.29	216.65	7745.28786	0.000114147
17900.0	0.1225938407	340.29	216.65	7624.11148	0.000115961
18000.0	0.1206758386	340.29	216.65	7504.83092	0.000117804
18100.0	0.1187878440	340.29	216.65	7387.41653	0.000119677
18200.0	0.1169293874	340.29	216.65	7271.83910	0.000121579
18300.0	0.1151000066	340.29	216.65	7158.06991	0.000123511
18400.0	0.1132992469	340.29	216.65	7046.08065	0.000125474
18500.0	0.1115266603	340.29	216.65	6935.84348	0.000127468
18600.0	0.1097818062	340.29	216.65	6827.33100	0.000129494
18700.0	0.1080642507	340.29	216.65	6720.51621	0.000131553
18800.0	0.1063735665	340.29	216.65	6615.37256	0.000133643
18900.0	0.1047093335	340.29	216.65	6511.87390	0.000135768
19000.0	0.1030711376	340.29	216.65	6409.99449	0.000137925
19100.0	0.1014585716	340.29	216.65	6309.70901	0.000140118
19200.0	0.0998712345	340.29	216.65	6210.99250	0.000142345
19300.0	0.0983087316	340.29	216.65	6113.82044	0.000144607
19400.0	0.0967706743	340.29	216.65	6018.16865	0.000146905
19500.0	0.0952566801	340.29	216.65	5924.01335	0.000149240
19600.0	0.0937663727	340.29	216.65	5831.33112	0.000151612
19700.0	0.0922993814	340.29	216.65	5740.09892	0.000154022
19800.0	0.0908553414	340.29	216.65	5650.29407	0.000156470
19900.0	0.0894338937	340.29	216.65	5561.89423	0.000158957
20000.0	0.0880346848	340.29	216.65	5474.87742	0.000161483
20100.0	0.0866177015	340.29	216.75	5389.24162	0.000164188
20200.0	0.0852241635	340.29	216.85	5304.98386	0.000166938
20300.0	0.0838536723	340.29	216.95	5222.08137	0.000169732
20400.0	0.0825058364	340.29	217.05	5140.51173	0.000172571
20500.0	0.0811802711	340.29	217.15	5060.25292	0.000175456
20600.0	0.0798765983	340.29	217.25	4981.28328	0.000178389
20700.0	0.0785944468	340.29	217.35	4903.58152	0.000181369
20800.0	0.0773334516	340.29	217.45	4827.12672	0.000184397
20900.0	0.0760932540	340.29	217.55	4751.89830	0.000187475
21000.0	0.0748735018	340.29	217.65	4677.87605	0.000190602
21100.0	0.0736738487	340.29	217.75	4605.04009	0.000193780
21200.0	0.0724939546	340.29	217.85	4533.37086	0.000197010
21300.0	0.0713334851	340.29	217.95	4462.84917	0.000200291
21400.0	0.0701921117	340.29	218.05	4393.45612	0.000203626
21500.0	0.0690695118	340.29	218.15	4325.17314	0.000207015
21600.0	0.0679653681	340.29	218.25	4257.98198	0.000210459
21700.0	0.0668793688	340.29	218.35	4191.86469	0.000213958
21800.0	0.0658112079	340.29	218.45	4126.80363	0.000217514
21900.0	0.0647605842	340.29	218.55	4062.78146	0.000221128
22000.0	0.0637272020	340.29	218.65	3999.78112	0.000224799
22100.0	0.0627107708	340.29	218.75	3937.78585	0.000228530
22200.0	0.0617110048	340.29	218.85	3876.77916	0.000232321
22300.0	0.0607276234	340.29	218.95	3816.74485	0.000236173
22400.0	0.0597603507	340.29	219.05	3757.66698	0.000240088
22500.0	0.0588089159	340.29	219.15	3699.52990	0.000244065
22600.0	0.0578730523	340.29	219.25	3642.31820	0.000248106
22700.0	0.0569524984	340.29	219.35	3586.01674	0.000252212
22800.0	0.0560469968	340.29	219.45	3530.61064	0.000256385
22900.0	0.0551562948	340.29	219.55	3476.08525	0.000260624
23000.0	0.0542801437	340.29	219.65	3422.42618	0.000264932
23100.0	0.0534182996	340.29	219.75	3369.61930	0.000269308
23200.0	0.0525705224	340.29	219.85	3317.65067	0.000273755
23300.0	0.0517365762	340.29	219.95	3266.50663	0.000278273
23400.0	0.0509162293	340.29	220.05	3216.17373	0.000282864
23500.0	0.0501092539	340.29	220.15	3166.63873	0.000287528
23600.0	0.0493154261	340.29	220.25	3117.88865	0.000292267
23700.0	0.0485345259	340.29	220.35	3069.91068	0.000297082
23800.0	0.0477663371	340.29	220.45	3022.69227	0.000301974
23900.0	0.0470106470	340.29	220.55	2976.22105	0.000306944
24000.0	0.0462672468	340.29	220.65	2930.48486	0.000311994
24100.0	0.0455359312	340.29	220.75	2885.47176	0.000317124
24200.0	0.0448164984	340.29	220.85	2841.16999	0.000322337
24300.0	0.0441087501	340.29	220.95	2797.56800	0.000327632
24400.0	0.0434124914	340.29	221.05	2754.65442	0.000333013
24500.0	0.0427275306	340.29	221.15	2712.41808	0.000338479
24600.0	0.0420536794	340.29	221.25	2670.84800	0.000344032
24700.0	0.0413907528	340.29	221.35	2629.93337	0.000349673
24800.0	0.0407385688	340.29	221.45	2589.66356	0.000355405
24900.0	0.0400969487	340.29	221.55	2550.02814	0.000361228
25000.0	0.0394657166	340.29	221.65	2511.01682	0.000367143
25100.0	0.0388446997	340.29	221.75	2472.61950	0.000373153
25200.0	0.0382337284	340.29	221.85	2434.82626	0.000379258
25300.0	0.0376326356	340.29	221.95	2397.62732	0.000385461
25400.0	0.0370412573	340.29	222.05	2361.01307	0.000391761
25500.0	0.0364594323	340.29	222.15	2324.97406	0.000398162
25600.0	0.0358870019	340.29	222.25	2289.50102	0.000404665
25700.0	0.0353238105	340.29	222.35	2254.58479	0.000411271
25800.0	0.0347697047	340.29	222.45	2220.21640	0.000417981
25900.0	0.0342245341	340.29	222.55	2186.38700	0.000424798
26000.0	0.0336881507	340.29	222.65	2153.08792	0.000431723
26100.0	0.0331604090	340.29	222.75	2120.31060	0.000438757
26200.0	0.0326411659	340.29	222.85	2088.04664	0.000445903
26300.0	0.0321302809	340.29	222.95	2056.28777	0.000453162
26400.0	0.0316276158	340.29	223.05	2025.02587	0.000460536
26500.0	0.0311330347	340.29	223.15	1994.25293	0.000468027
26600.0	0.0306464041	340.29	223.25	1963.96111	0.000475635
26700.0	0.0301675927	340.29	223.35	1934.14267	0.000483364
26800.0	0.0296964714	340.29	223.45	1904.78999	0.000491215
26900.0	0.0292329134	340.29	223.55	1875.89561	0.000499190
27000.0	0.0287767940	340.29	223.65	1847.45217	0.000507291
27100.0	0.0283279906	340.29	223.75	1819.45243	0.000515519
27200.0	0.0278863825	340.29	223.85	1791.88928	0.000523877
27300.0	0.0274518513	340.29	223.95	1764.75572	0.000532367
27400.0	0.0270242806	340.29	224.05	1738.04487	0.000540990
27500.0	0.0266035558	340.29	224.15	1711.74995	0.000549750
27600.0	0.0261895643	340.29	224.25	1685.86431	0.000558647
27700.0	0.0257821954	340.29	224.35	1660.38141	0.000567683
27800.0	0.0253813402	340.29	224.45	1635.29479	0.000576862
27900.0	0.0249868919	340.29	224.55	1610.59813	0.000586185
28000.0	0.0245987452	340.29	224.65	1586.28519	0.000595655
28100.0	0.0242167967	340.29	224.75	1562.34985	0.000605273
28200.0	0.0238409447	340.29	224.85	1538.78607	0.000615042
28300.0	0.0234710893	340.29	224.95	1515.58793	0.000624964
28400.0	0.0231071322	340.29	225.05	1492.74959	0.000635042
28500.0	0.0227489768	340.29	225.15	1470.26532	0.000645277
28600.0	0.0223965281	340.29	225.25	1448.12947	0.000655673
28700.0	0.0220496927	340.29	225.35	1426.33650	0.000666232
28800.0	0.0217083787	340.29	225.45	1404.88094	0.000676956
28900.0	0.0213724959	340.29	225.55	1383.75743	0.000687847
29000.0	0.0210419554	340.29	225.65	1362.96068	0.000698909
29100.0	0.0207166701	340.29	225.75	1342.48550	0.000710143
29200.0	0.0203965540	340.29	225.85	1322.32676	0.000721554
29300.0	0.0200815229	340.29	225.95	1302.47946	0.000733142
29400.0	0.0197714937	340.29	226.05	1282.93864	0.000744911
29500.0	0.0194663848	340.29	226.15	1263.69943	0.000756863
29600.0	0.0191661160	340.29	226.25	1244.75705	0.000769002
29700.0	0.0188706086	340.29	226.35	1226.10679	0.000781330
29800.0	0.0185797848	340.29	226.45	1207.74403	0.000793851
29900.0	0.0182935685	340.29	226.55	1189.66420	0.000806566
30000.0	0.0180118847	340.29	226.65	1171.86282	0.000819479
30100.0	0.0177346597	340.29	226.75	1154.33549	0.000832592
30200.0	0.0174618209	340.29	226.85	1137.07787	0.000845910
30300.0	0.0171932971	340.29	226.95	1120.08569	0.000859435
30400.0	0.0169290181	340.29	227.05	1103.35475	0.000873170
30500.0	0.0166689151	340.29	227.15	1086.88093	0.000887118
30600.0	0.0164129202	340.29	227.25	1070.66016	0.000901282
30700.0	0.0161609669	340.29	227.35	1054.68846	0.000915666
30800.0	0.0159129895	340.29	227.45	1038.96188	0.000930274
30900.0	0.0156689237	340.29	227.55	1023.47655	0.000945107
31000.0	0.0154287060	340.29	227.65	1008.22869	0.000960171
31100.0	0.0151922741	340.29	227.75	993.21453	0.000975468
31200.0	0.0149595667	340.29	227.85	978.43041	0.000991001
31300.0	0.0147305236	340.29	227.95	963.87269	0.001006775
31400.0	0.0145050855	340.29	228.05	949.53781	0.001022793
31500.0	0.0142831941	340.29	228.15	935.42227	0.001039059
31600.0	0.0140647921	340.29	228.25	921.52261	0.001055576
31700.0	0.0138498231	340.29	228.35	907.83545	0.001072347
31800.0	0.0136382318	340.29	228.45	894.35744	0.001089378
31900.0	0.0134299635	340.29	228.55	881.08529	0.001106672
32000.0	0.0132249646	340.29	228.65	868.01578	0.001124232
32100.0	0.0130130193	340.29	228.93	855.15074	0.001143698
32200.0	0.0128047235	340.29	229.21	842.49176	0.001163475
32300.0	0.0126000101	340.29	229.49	830.03528	0.001183570
32400.0	0.0123988132	340.29	229.77	817.77783	0.001203986
32500.0	0.0122010681	340.29	230.05	805.71599	0.001224728
32600.0	0.0120067116	340.29	230.33	793.84640	0.001245801
32700.0	0.0118156817	340.29	230.61	782.16578	0.001267211
32800.0	0.0116279173	340.29	230.89	770.67088	0.001288961
32900.0	0.0114433589	340.29	231.17	759.35855	0.001311057
33000.0	0.0112619479	340.29	231.45	748.22565	0.001333504
33100.0	0.0110836270	340.29	231.73	737.26914	0.001356307
33200.0	0.0109083398	340.29	232.01	726.48601	0.001379471
33300.0	0.0107360312	340.29	232.29	715.87331	0.001403001
33400.0	0.0105666471	340.29	232.57	705.42815	0.001426904
33500.0	0.0104001344	340.29	232.85	695.14769	0.001451184
33600.0	0.0102364410	340.29	233.13	685.02914	0.001475846
33700.0	0.0100755159	340.29	233.41	675.06975	0.001500897
33800.0	0.0099173092	340.29	233.69	665.26684	0.001526342
33900.0	0.0097617716	340.29	233.97	655.61776	0.001552186
34000.0	0.0096088550	340.29	234.25	646.11992	0.001578436
34100.0	0.0094585123	340.29	234.53	636.77078	0.001605097
34200.0	0.0093106970	340.29	234.81	627.56783	0.001632175
34300.0	0.0091653638	340.29	235.09	618.50862	0.001659677
34400.0	0.0090224681	340.29	235.37	609.59073	0.001687608
34500.0	0.0088819662	340.29	235.65	600.81180	0.001715974
34600.0	0.0087438153	340.29	235.93	592.16950	0.001744782
34700.0	0.0086079732	340.29	236.21	583.66154	0.001774038
34800.0	0.0084743987	340.29	236.49	575.28568	0.001803749
34900.0	0.0083430513	340.29	236.77	567.03972	0.001833920
35000.0	0.0082138914	340.29	237.05	558.92149	0.001864559
35100.0	0.0080868799	340.29	237.33	550.92887	0.001895673
35200.0	0.0079619788	340.29	237.61	543.05976	0.001927267
35300.0	0.0078391504	340.29	237.89	535.31212	0.001959349
35400.0	0.0077183581	340.29	238.17	527.68393	0.001991926
35500.0	0.0075995656	340.29	238.45	520.17322	0.002025005
35600.0	0.0074827377	340.29	238.73	512.77804	0.002058592
35700.0	0.0073678396	340.29	239.01	505.49647	0.002092696
35800.0	0.0072548372	340.29	239.29	498.32665	0.002127323
35900.0	0.0071436971	340.29	239.57	491.26673	0.002162481
36000.0	0.0070343864	340.29	239.85	484.31491	0.002198177
36100.0	0.0069268730	340.29	240.13	477.46939	0.002234420
36200.0	0.0068211252	340.29	240.41	470.72844	0.002271215
36300.0	0.0067171121	340.29	240.69	464.09035	0.002308573
36400.0	0.0066148032	340.29	240.97	457.55341	0.002346499
36500.0	0.0065141687	340.29	241.25	451.11599	0.002385003
36600.0	0.0064151793	340.29	241.53	444.77644	0.002424092
36700.0	0.0063178063	340.29	241.81	438.53318	0.002463774
36800.0	0.0062220213	340.29	242.09	432.38462	0.002504059
36900.0	0.0061277968	340.29	242.37	426.32923	0.002544953
37000.0	0.0060351055	340.29	242.65	420.36549	0.002586467
37100.0	0.0059439207	340.29	242.93	414.49190	0.002628607
37200.0	0.0058542164	340.29	243.21	408.70701	0.002671384
37300.0	0.0057659667	340.29	243.49	403.00938	0.002714806
37400.0	0.0056791465	340.29	243.77	397.39758	0.002758882
37500.0	0.0055937310	340.29	244.05	391.87024	0.002803620
37600.0	0.0055096959	340.29	244.33	386.42598	0.002849031
37700.0	0.0054270173	340.29	244.61	381.06346	0.002895123
37800.0	0.0053456719	340.29	244.89	375.78137	0.002941906
37900.0	0.0052656367	340.29	245.17	370.57841	0.002989390
38000.0	0.0051868890	340.29	245.45	365.45330	0.003037583
38100.0	0.0051094068	340.29	245.73	360.40479	0.003086496
38200.0	0.0050331683	340.29	246.01	355.43166	0.003136139
38300.0	0.0049581522	340.29	246.29	350.53269	0.003186522
38400.0	0.0048843374	340.29	246.57	345.70669	0.003237654
38500.0	0.0048117035	340.29	246.85	340.95251	0.003289547
38600.0	0.0047402303	340.29	247.13	336.26898	0.003342211
38700.0	0.0046698978	340.29	247.41	331.65498	0.003395655
38800.0	0.0046006867	340.29	247.69	327.10940	0.003449891
38900.0	0.0045325778	340.29	247.97	322.63115	0.003504930
39000.0	0.0044655523	340.29	248.25	318.21916	0.003560782
39100.0	0.0043995919	340.29	248.53	313.87238	0.003617459
39200.0	0.0043346784	340.29	248.81	309.58977	0.003674971
39300.0	0.0042707940	340.29	249.09	305.37031	0.003733331
39400.0	0.0042079214	340.29	249.37	301.21300	0.003792550
39500.0	0.0041460433	340.29	249.65	297.11686	0.003852638
39600.0	0.0040851431	340.29	249.93	293.08092	0.003913609
39700.0	0.0040252040	340.29	250.21	289.10424	0.003975473
39800.0	0.0039662100	340.29	250.49	285.18586	0.004038244
39900.0	0.0039081451	340.29	250.77	281.32489	0.004101933
40000.0	0.0038509936	340.29	251.05	277.52040	0.004166552
40100.0	0.0037947402	340.29	251.33	273.77152	0.004232115
40200.0	0.0037393698	340.29	251.61	270.07738	0.004298633
40300.0	0.0036848675	340.29	251.89	266.43710	0.004366120
40400.0	0.0036312189	340.29	252.17	262.84985	0.004434589
40500.0	0.0035784096	340.29	252.45	259.31481	0.004504052
40600.0	0.0035264256	340.29	252.73	255.83114	0.004574524
40700.0	0.0034752530	340.29	253.01	252.39806	0.004646017
40800.0	0.0034248784	340.29	253.29	249.01476	0.004718545
40900.0	0.0033752885	340.29	253.57	245.68048	0.004792122
41000.0	0.0033264701	340.29	253.85	242.39446	0.004866762
41100.0	0.0032784105	340.29	254.13	239.15593	0.004942479
41200.0	0.0032310969	340.29	254.41	235.96417	0.005019287
41300.0	0.0031845172	340.29	254.69	232.81844	0.005097202
41400.0	0.0031386590	340.29	254.97	229.71804	0.005176237
41500.0	0.0030935104	340.29	255.25	226.66227	0.005256407
41600.0	0.0030490597	340.29	255.53	223.65042	0.005337728
41700.0	0.0030052954	340.29	255.81	220.68183	0.005420214
41800.0	0.0029622061	340.29	256.09	217.75582	0.005503881
41900.0	0.0029197806	340.29	256.37	214.87175	0.005588745
42000.0	0.0028780081	340.29	256.65	212.02896	0.005674821
42100.0	0.0028368778	340.29	256.93	209.22682	0.005762126
42200.0	0.0027963792	340.29	257.21	206.46470	0.005850674
42300.0	0.0027565018	340.29	257.49	203.74199	0.005940484
42400.0	0.0027172355	340.29	257.77	201.05809	0.006031570
42500.0	0.0026785703	340.29	258.05	198.41240	0.006123951
42600.0	0.0026404963	340.29	258.33	195.80433	0.006217643
42700.0	0.0026030039	340.29	258.61	193.23332	0.006312662
42800.0	0.0025660835	340.29	258.89	190.69880	0.006409027
42900.0	0.0025297259	340.29	259.17	188.20020	0.006506755
43000.0	0.0024939218	340.29	259.45	185.73699	0.006605863
43100.0	0.0024586623	340.29	259.73	183.30862	0.006706370
43200.0	0.0024239385	340.29	260.01	180.91457	0.006808294
43300.0	0.0023897416	340.29	260.29	178.55431	0.006911653
43400.0	0.0023560632	340.29	260.57	176.22732	0.007016466
43500.0	0.0023228949	340.29	260.85	173.93312	0.007122751
43600.0	0.0022902283	340.29	261.13	171.67120	0.007230528
43700.0	0.0022580554	340.29	261.41	169.44107	0.007339816
43800.0	0.0022263681	340.29	261.69	167.24225	0.007450634
43900.0	0.0021951587	340.29	261.97	165.07427	0.007563003
44000.0	0.0021644194	340.29	262.25	162.93666	0.007676941
44100.0	0.0021341427	340.29	262.53	160.82898	0.007792470
44200.0	0.0021043212	340.29	262.81	158.75076	0.007909610
44300.0	0.0020749474	340.29	263.09	156.70156	0.008028381
44400.0	0.0020460142	340.29	263.37	154.68096	0.008148804
44500.0	0.0020175146	340.29	263.65	152.68851	0.008270901
44600.0	0.0019894416	340.29	263.93	150.72380	0.008394693
44700.0	0.0019617884	340.29	264.21	148.78642	0.008520202
44800.0	0.0019345482	340.29	264.49	146.87595	0.008647449
44900.0	0.0019077145	340.29	264.77	144.99200	0.008776457
45000.0	0.0018812807	340.29	265.05	143.13417	0.008907247
45100.0	0.0018552406	340.29	265.33	141.30206	0.009039844
45200.0	0.0018295878	340.29	265.61	139.49530	0.009174270
45300.0	0.0018043162	340.29	265.89	137.71351	0.009310547
45400.0	0.0017794197	340.29	266.17	135.95632	0.009448700
45500.0	0.0017548924	340.29	266.45	134.22336	0.009588752
45600.0	0.0017307284	340.29	266.73	132.51428	0.009730728
45700.0	0.0017069219	340.29	267.01	130.82871	0.009874651
45800.0	0.0016834673	340.29	267.29	129.16632	0.010020547
45900.0	0.0016603591	340.29	267.57	127.52677	0.010168439
46000.0	0.0016375918	340.29	267.85	125.90970	0.010318354
46100.0	0.0016151599	340.29	268.13	124.31480	0.010470316
46200.0	0.0015930583	340.29	268.41	122.74173	0.010624352
46300.0	0.0015712816	340.29	268.69	121.19018	0.010780488
46400.0	0.0015498249	340.29	268.97	119.65982	0.010938750
46500.0	0.0015286830	340.29	269.25	118.15036	0.011099164
46600.0	0.0015078511	340.29	269.53	116.66147	0.011261757
46700.0	0.0014873242	340.29	269.81	115.19286	0.011426557
46800.0	0.0014670976	340.29	270.09	113.74424	0.011593592
46900.0	0.0014471667	340.29	270.37	112.31531	0.011762889
47000.0	0.0014275267	340.29	270.65	110.90577	0.011934477
47100.0	0.0014096207	340.29	270.65	109.51465	0.012086076
47200.0	0.0013919394	340.29	270.65	108.14097	0.012239601
47300.0	0.0013744799	340.29	270.65	106.78452	0.012395077
47400.0	0.0013572393	340.29	270.65	105.44509	0.012552527
47500.0	0.0013402150	340.29	270.65	104.12246	0.012711978
47600.0	0.0013234043	340.29	270.65	102.81641	0.012873454
47700.0	0.0013068044	340.29	270.65	101.52675	0.013036981
47800.0	0.0012904127	340.29	270.65	100.25327	0.013202585
47900.0	0.0012742266	340.29	270.65	98.99576	0.013370293
48000.0	0.0012582436	340.29	270.65	97.75403	0.013540131
48100.0	0.0012424610	340.29	270.65	96.52787	0.013712127
48200.0	0.0012268765	340.29	270.65	95.31709	0.013886307
48300.0	0.0012114873	340.29	270.65	94.12149	0.014062700
48400.0	0.0011962913	340.29	270.65	92.94090	0.014241334
48500.0	0.0011812858	340.29	270.65	91.77511	0.014422237
48600.0	0.0011664685	340.29	270.65	90.62394	0.014605438
48700.0	0.0011518371	340.29	270.65	89.48722	0.014790965
48800.0	0.0011373893	340.29	270.65	88.36475	0.014978850
48900.0	0.0011231226	340.29	270.65	87.25636	0.015169121
49000.0	0.0011090349	340.29	270.65	86.16188	0.015361809
49100.0	0.0010951240	340.29	270.65	85.08112	0.015556945
49200.0	0.0010813875	340.29	270.65	84.01392	0.015754560
49300.0	0.0010678233	340.29	270.65	82.96011	0.015954685
49400.0	0.0010544292	340.29	270.65	81.91951	0.016157351
49500.0	0.0010412032	340.29	270.65	80.89197	0.016362593
49600.0	0.0010281430	340.29	270.65	79.87731	0.016570441
49700.0	0.0010152467	340.29	270.65	78.87539	0.016780930
49800.0	0.0010025121	340.29	270.65	77.88603	0.016994092
49900.0	0.0009899373	340.29	270.65	76.90908	0.017209962
50000.0	0.0009775202	340.29	270.65	75.94438	0.017428575
50100.0	0.0009652588	340.29	270.65	74.99179	0.017649964
50200.0	0.0009531513	340.29	270.65	74.05114	0.017874165
50300.0	0.0009411956	340.29	270.65	73.12229	0.018101215
50400.0	0.0009293899	340.29	270.65	72.20510	0.018331148
50500.0	0.0009177322	340.29	270.65	71.29941	0.018564003
50600.0	0.0009062208	340.29	270.65	70.40507	0.018799815
50700.0	0.0008948538	340.29	270.65	69.52196	0.019038622
50800.0	0.0008836294	340.29	270.65	68.64992	0.019280464
50900.0	0.0008725457	340.29	270.65	67.78883	0.019525377
51000.0	0.0008616011	340.29	270.65	66.93853	0.019773401
51100.0	0.0008516693	340.29	270.37	66.09846	0.019987643
51200.0	0.0008418418	340.29	270.09	65.26809	0.020204427
51300.0	0.0008321178	340.29	269.81	64.44730	0.020423786
51400.0	0.0008224961	340.29	269.53	63.63600	0.020645754
51500.0	0.0008129759	340.29	269.25	62.83408	0.020870364
51600.0	0.0008035561	340.29	268.97	62.04145	0.021097650
51700.0	0.0007942359	340.29	268.69	61.25801	0.021327648
51800.0	0.0007850141	340.29	268.41	60.48366	0.021560392
51900.0	0.0007758901	340.29	268.13	59.71831	0.021795917
52000.0	0.0007668626	340.29	267.85	58.96185	0.022034261
52100.0	0.0007579310	340.29	267.57	58.21420	0.022275459
52200.0	0.0007490942	340.29	267.29	57.47527	0.022519549
52300.0	0.0007403513	340.29	267.01	56.74495	0.022766569
52400.0	0.0007317014	340.29	266.73	56.02317	0.023016557
52500.0	0.0007231437	340.29	266.45	55.30982	0.023269551
52600.0	0.0007146772	340.29	266.17	54.60481	0.023525591
52700.0	0.0007063011	340.29	265.89	53.90807	0.023784717
52800.0	0.0006980145	340.29	265.61	53.21949	0.024046969
52900.0	0.0006898165	340.29	265.33	52.53900	0.024312388
53000.0	0.0006817063	340.29	265.05	51.86651	0.024581016
53100.0	0.0006736830	340.29	264.77	51.20192	0.024852895
53200.0	0.0006657458	340.29	264.49	50.54516	0.025128068
53300.0	0.0006578939	340.29	264.21	49.89615	0.025406577
53400.0	0.0006501264	340.29	263.93	49.25479	0.025688468
53500.0	0.0006424425	340.29	263.65	48.62101	0.025973785
53600.0	0.0006348414	340.29	263.37	47.99472	0.026262573
53700.0	0.0006273223	340.29	263.09	47.37585	0.026554877
53800.0	0.0006198844	340.29	262.81	46.76431	0.026850746
53900.0	0.0006125269	340.29	262.53	46.16002	0.027150224
54000.0	0.0006052490	340.29	262.25	45.56291	0.027453362
54100.0	0.0005980500	340.29	261.97	44.97290	0.027760207
54200.0	0.0005909290	340.29	261.69	44.38992	0.028070808
54300.0	0.0005838853	340.29	261.41	43.81387	0.028385216
54400.0	0.0005769182	340.29	261.13	43.24470	0.028703481
54500.0	0.0005700268	340.29	260.85	42.68232	0.029025655
54600.0	0.0005632105	340.29	260.57	42.12666	0.029351790
54700.0	0.0005564685	340.29	260.29	41.57765	0.029681939
54800.0	0.0005498001	340.29	260.01	41.03522	0.030016155
54900.0	0.0005432046	340.29	259.73	40.49929	0.030354494
55000.0	0.0005366812	340.29	259.45	39.96979	0.030697010
55100.0	0.0005302292	340.29	259.17	39.44666	0.031043759
55200.0	0.0005238479	340.29	258.89	38.92982	0.031394799
55300.0	0.0005175366	340.29	258.61	38.41920	0.031750186
55400.0	0.0005112947	340.29	258.33	37.91473	0.032109980
55500.0	0.0005051214	340.29	258.05	37.41636	0.032474241
55600.0	0.0004990160	340.29	257.77	36.92400	0.032843027
55700.0	0.0004929780	340.29	257.49	36.43760	0.033216402
55800.0	0.0004870065	340.29	257.21	35.95709	0.033594425
55900.0	0.0004811010	340.29	256.93	35.48240	0.033977161
56000.0	0.0004752608	340.29	256.65	35.01347	0.034364674
56100.0	0.0004694852	340.29	256.37	34.55023	0.034757027
56200.0	0.0004637736	340.29	256.09	34.09263	0.035154288
56300.0	0.0004581254	340.29	255.81	33.64060	0.035556522
56400.0	0.0004525398	340.29	255.53	33.19408	0.035963798
56500.0	0.0004470164	340.29	255.25	32.75300	0.036376183
56600.0	0.0004415544	340.29	254.97	32.31731	0.036793749
56700.0	0.0004361533	340.29	254.69	31.88695	0.037216565
56800.0	0.0004308124	340.29	254.41	31.46185	0.037644703
56900.0	0.0004255311	340.29	254.13	31.04196	0.038078236
57000.0	0.0004203089	340.29	253.85	30.62722	0.038517239
57100.0	0.0004151451	340.29	253.57	30.21758	0.038961786
57200.0	0.0004100391	340.29	253.29	29.81297	0.039411953
57300.0	0.0004049904	340.29	253.01	29.41334	0.039867817
57400.0	0.0003999984	340.29	252.73	29.01863	0.040329457
57500.0	0.0003950624	340.29	252.45	28.62879	0.040796953
57600.0	0.0003901820	340.29	252.17	28.24376	0.041270385
57700.0	0.0003853566	340.29	251.89	27.86350	0.041749836
57800.0	0.0003805856	340.29	251.61	27.48793	0.042235388
57900.0	0.0003758684	340.29	251.33	27.11703	0.042727125
58000.0	0.0003712045	340.29	251.05	26.75072	0.043225135
58100.0	0.0003665934	340.29	250.77	26.38895	0.043729502
58200.0	0.0003620346	340.29	250.49	26.03169	0.044240317
58300.0	0.0003575274	340.29	250.21	25.67887	0.044757668
58400.0	0.0003530713	340.29	249.93	25.33044	0.045281646
58500.0	0.0003486660	340.29	249.65	24.98636	0.045812344
58600.0	0.0003443107	340.29	249.37	24.64658	0.046349856
58700.0	0.0003400050	340.29	249.09	24.31104	0.046894276
58800.0	0.0003357484	340.29	248.81	23.97970	0.047445701
58900.0	0.0003315404	340.29	248.53	23.65251	0.048004229
59000.0	0.0003273805	340.29	248.25	23.32942	0.048569960
59100.0	0.0003232682	340.29	247.97	23.01039	0.049142994
59200.0	0.0003192030	340.29	247.69	22.69537	0.049723434
59300.0	0.0003151844	340.29	247.41	22.38431	0.050311385
59400.0	0.0003112119	340.29	247.13	22.07718	0.050906951
59500.0	0.0003072850	340.29	246.85	21.77391	0.051510241
59600.0	0.0003034034	340.29	246.57	21.47447	0.052121363
59700.0	0.0002995664	340.29	246.29	21.17882	0.052740427
59800.0	0.0002957737	340.29	246.01	20.88691	0.053367546
59900.0	0.0002920248	340.29	245.73	20.59870	0.054002834
60000.0	0.0002883192	340.29	245.45	20.31414	0.054646407
60100.0	0.0002846564	340.29	245.17	20.03319	0.055298382
60200.0	0.0002810361	340.29	244.89	19.75582	0.055958878
60300.0	0.0002774578	340.29	244.61	19.48198	0.056628016
60400.0	0.0002739210	340.29	244.33	19.21162	0.057305920
60500.0	0.0002704253	340.29	244.05	18.94471	0.057992714
60600.0	0.0002669703	340.29	243.77	18.68121	0.058688525
60700.0	0.0002635555	340.29	243.49	18.42108	0.059393482
60800.0	0.0002601806	340.29	243.21	18.16428	0.060107716
60900.0	0.0002568451	340.29	242.93	17.91077	0.060831359
61000.0	0.0002535485	340.29	242.65	17.66051	0.061564546
61100.0	0.0002502905	340.29	242.37	17.41347	0.062307414
61200.0	0.0002470707	340.29	242.09	17.16960	0.063060102
61300.0	0.0002438887	340.29	241.81	16.92887	0.063822751
61400.0	0.0002407440	340.29	241.53	16.69124	0.064595504
61500.0	0.0002376364	340.29	241.25	16.45668	0.065378508
61600.0	0.0002345652	340.29	240.97	16.22514	0.066171910
61700.0	0.0002315303	340.29	240.69	15.99660	0.066975860
61800.0	0.0002285312	340.29	240.41	15.77102	0.067790510
61900.0	0.0002255675	340.29	240.13	15.54837	0.068616016
62000.0	0.0002226388	340.29	239.85	15.32860	0.069452535
62100.0	0.0002197448	340.29	239.57	15.11169	0.070300227
62200.0	0.0002168851	340.29	239.29	14.89760	0.071159253
62300.0	0.0002140594	340.29	239.01	14.68629	0.072029779
62400.0	0.0002112672	340.29	238.73	14.47774	0.072911972
62500.0	0.0002085082	340.29	238.45	14.27192	0.073806002
62600.0	0.0002057821	340.29	238.17	14.06878	0.074712043
62700.0	0.0002030884	340.29	237.89	13.86830	0.075630268
62800.0	0.0002004269	340.29	237.61	13.67045	0.076560858
62900.0	0.0001977973	340.29	237.33	13.47519	0.077503992
63000.0	0.0001951990	340.29	237.05	13.28249	0.078459854
63100.0	0.0001926319	340.29	236.77	13.09233	0.079428632
63200.0	0.0001900956	340.29	236.49	12.90467	0.080410515
63300.0	0.0001875897	340.29	236.21	12.71948	0.081405696
63400.0	0.0001851140	340.29	235.93	12.53673	0.082414370
63500.0	0.0001826680	340.29	235.65	12.35640	0.083436738
63600.0	0.0001802515	340.29	235.37	12.17845	0.084473000
63700.0	0.0001778642	340.29	235.09	12.00285	0.085523363
63800.0	0.0001755057	340.29	234.81	11.82959	0.086588035
63900.0	0.0001731757	340.29	234.53	11.65862	0.087667228
64000.0	0.0001708739	340.29	234.25	11.48992	0.088761157
64100.0	0.0001686000	340.29	233.97	11.32347	0.089870041
64200.0	0.0001663537	340.29	233.69	11.15924	0.090994103
64300.0	0.0001641347	340.29	233.41	10.99719	0.092133569
64400.0	0.0001619426	340.29	233.13	10.83730	0.093288667
64500.0	0.0001597773	340.29	232.85	10.67956	0.094459632
64600.0	0.0001576384	340.29	232.57	10.52392	0.095646700
64700.0	0.0001555255	340.29	232.29	10.37037	0.096850113
64800.0	0.0001534385	340.29	232.01	10.21887	0.098070114
64900.0	0.0001513771	340.29	231.73	10.06942	0.099306953
65000.0	0.0001493409	340.29	231.45	9.92197	0.100560883
65100.0	0.0001473296	340.29	231.17	9.77650	0.101832159
65200.0	0.0001453431	340.29	230.89	9.63300	0.103121044
65300.0	0.0001433810	340.29	230.61	9.49143	0.104427803
65400.0	0.0001414430	340.29	230.33	9.35177	0.105752704
65500.0	0.0001395289	340.29	230.05	9.21400	0.107096023
65600.0	0.0001376384	340.29	229.77	9.07810	0.108458037
65700.0	0.0001357713	340.29	229.49	8.94404	0.109839029
65800.0	0.0001339273	340.29	229.21	8.81180	0.111239287
65900.0	0.0001321061	340.29	228.93	8.68136	0.112659104
66000.0	0.0001303076	340.29	228.65	8.55269	0.114098777
66100.0	0.0001285313	340.29	228.37	8.42577	0.115558607
66200.0	0.0001267771	340.29	228.09	8.30059	0.117038901
66300.0	0.0001250447	340.29	227.81	8.17712	0.118539972
66400.0	0.0001233340	340.29	227.53	8.05533	0.120062137
66500.0	0.0001216445	340.29	227.25	7.93521	0.121605717
66600.0	0.0001199762	340.29	226.97	7.81674	0.123171042
66700.0	0.0001183287	340.29	226.69	7.69989	0.124758443
66800.0	0.0001167019	340.29	226.41	7.58465	0.126368260
66900.0	0.0001150955	340.29	226.13	7.47099	0.128000836
67000.0	0.0001135092	340.29	225.85	7.35890	0.129656523
67100.0	0.0001119428	340.29	225.57	7.24836	0.131335675
67200.0	0.0001103962	340.29	225.29	7.13934	0.133038654
67300.0	0.0001088691	340.29	225.01	7.03183	0.134765829
67400.0	0.0001073612	340.29	224.73	6.92580	0.136517572
67500.0	0.0001058723	340.29	224.45	6.82125	0.138294265
67600.0	0.0001044023	340.29	224.17	6.71815	0.140096293
67700.0	0.0001029509	340.29	223.89	6.61648	0.141924050
67800.0	0.0001015179	340.29	223.61	6.51622	0.143777935
67900.0	0.0001001031	340.29	223.33	6.41736	0.145658354
68000.0	0.0000987063	340.29	223.05	6.31988	0.147565721
68100.0	0.0000973272	340.29	222.77	6.22376	0.149500455
68200.0	0.0000959657	340.29	222.49	6.12898	0.151462983
68300.0	0.0000946216	340.29	222.21	6.03553	0.153453741
68400.0	0.0000932946	340.29	221.93	5.94339	0.155473169
68500.0	0.0000919846	340.29	221.65	5.85255	0.157521716
68600.0	0.0000906914	340.29	221.37	5.76298	0.159599840
68700.0	0.0000894148	340.29	221.09	5.67466	0.161708005
68800.0	0.0000881545	340.29	220.81	5.58760	0.163846683
68900.0	0.0000869105	340.29	220.53	5.50176	0.166016355
69000.0	0.0000856824	340.29	220.25	5.41713	0.168217509
69100.0	0.0000844702	340.29	219.97	5.33370	0.170450641
69200.0	0.0000832736	340.29	219.69	5.25145	0.172716258
69300.0	0.0000820925	340.29	219.41	5.17037	0.175014873
69400.0	0.0000809266	340.29	219.13	5.09044	0.177347010
69500.0	0.0000797759	340.29	218.85	5.01164	0.179713199
69600.0	0.0000786400	340.29	218.57	4.93397	0.182113982
69700.0	0.0000775190	340.29	218.29	4.85740	0.184549908
69800.0	0.0000764125	340.29	218.01	4.78192	0.187021538
69900.0	0.0000753203	340.29	217.73	4.70752	0.189529441
70000.0	0.0000742425	340.29	217.45	4.63419	0.192074195
70100.0	0.0000731787	340.29	217.17	4.56190	0.194656390
70200.0	0.0000721288	340.29	216.89	4.49066	0.197276625
70300.0	0.0000710926	340.29	216.61	4.42043	0.199935509
70400.0	0.0000700700	340.29	216.33	4.35122	0.202633663
70500.0	0.0000690608	340.29	216.05	4.28300	0.205371717
70600.0	0.0000680649	340.29	215.77	4.21576	0.208150313
70700.0	0.0000670820	340.29	215.49	4.14950	0.210970104
70800.0	0.0000661121	340.29	215.21	4.08419	0.213831755
70900.0	0.0000651550	340.29	214.93	4.01982	0.216735942
71000.0	0.0000642106	340.29	214.65	3.95639	0.219683352
71100.0	0.0000632552	340.29	214.45	3.89389	0.222826940
71200.0	0.0000623131	340.29	214.25	3.83232	0.226018465
71300.0	0.0000613842	340.29	214.05	3.77167	0.229258701
71400.0	0.0000604683	340.29	213.85	3.71192	0.232548438
71500.0	0.0000595653	340.29	213.65	3.65307	0.235888480
71600.0	0.0000586749	340.29	213.45	3.59509	0.239279642
71700.0	0.0000577970	340.29	213.25	3.53798	0.242722756
71800.0	0.0000569314	340.29	213.05	3.48173	0.246218667
71900.0	0.0000560780	340.29	212.85	3.42632	0.249768234
72000.0	0.0000552366	340.29	212.65	3.37174	0.253372332
72100.0	0.0000544070	340.29	212.45	3.31798	0.257031850
72200.0	0.0000535892	340.29	212.25	3.26503	0.260747692
72300.0	0.0000527828	340.29	212.05	3.21287	0.264520780
72400.0	0.0000519879	340.29	211.85	3.16150	0.268352050
72500.0	0.0000512042	340.29	211.65	3.11090	0.272242454
72600.0	0.0000504316	340.29	211.45	3.06106	0.276192961
72700.0	0.0000496700	340.29	211.25	3.01198	0.280204558
72800.0	0.0000489191	340.29	211.05	2.96364	0.284278247
72900.0	0.0000481789	340.29	210.85	2.91603	0.288415048
73000.0	0.0000474492	340.29	210.65	2.86914	0.292616001
73100.0	0.0000467299	340.29	210.45	2.82297	0.296882160
73200.0	0.0000460208	340.29	210.25	2.77749	0.301214602
73300.0	0.0000453218	340.29	210.05	2.73270	0.305614418
73400.0	0.0000446328	340.29	209.85	2.68859	0.310082723
73500.0	0.0000439536	340.29	209.65	2.64516	0.314620647
73600.0	0.0000432842	340.29	209.45	2.60238	0.319229342
73700.0	0.0000426242	340.29	209.25	2.56026	0.323909980
73800.0	0.0000419738	340.29	209.05	2.51878	0.328663755
73900.0	0.0000413326	340.29	208.85	2.47793	0.333491878
74000.0	0.0000407007	340.29	208.65	2.43771	0.338395585
74100.0	0.0000400778	340.29	208.45	2.39810	0.343376132
74200.0	0.0000394639	340.29	208.25	2.35910	0.348434798
74300.0	0.0000388588	340.29	208.05	2.32070	0.353572883
74400.0	0.0000382624	340.29	207.85	2.28288	0.358791712
74500.0	0.0000376746	340.29	207.65	2.24565	0.364092631
74600.0	0.0000370952	340.29	207.45	2.20899	0.369477012
74700.0	0.0000365243	340.29	207.25	2.17289	0.374946249
74800.0	0.0000359615	340.29	207.05	2.13735	0.380501764
74900.0	0.0000354070	340.29	206.85	2.10236	0.386145001
75000.0	0.0000348604	340.29	206.65	2.06790	0.391877431
75100.0	0.0000343218	340.29	206.45	2.03398	0.397700550
75200.0	0.0000337910	340.29	206.25	2.00058	0.403615882
75300.0	0.0000332679	340.29	206.05	1.96770	0.409624978
75400.0	0.0000327524	340.29	205.85	1.93533	0.415729415
75500.0	0.0000322443	340.29	205.65	1.90346	0.421930801
75600.0	0.0000317437	340.29	205.45	1.87209	0.428230768
75700.0	0.0000312504	340.29	205.25	1.84120	0.434630983
75800.0	0.0000307643	340.29	205.05	1.81079	0.441133138
75900.0	0.0000302853	340.29	204.85	1.78086	0.447738957
76000.0	0.0000298133	340.29	204.65	1.75139	0.454450196
76100.0	0.0000293481	340.29	204.45	1.72238	0.461268640
76200.0	0.0000288898	340.29	204.25	1.69383	0.468196109
76300.0	0.0000284383	340.29	204.05	1.66572	0.475234452
76400.0	0.0000279933	340.29	203.85	1.63805	0.482385555
76500.0	0.0000275549	340.29	203.65	1.61081	0.489651335
76600.0	0.0000271229	340.29	203.45	1.58400	0.497033745
76700.0	0.0000266973	340.29	203.25	1.55761	0.504534774
76800.0	0.0000262779	340.29	203.05	1.53164	0.512156444
76900.0	0.0000258648	340.29	202.85	1.50607	0.519900816
77000.0	0.0000254577	340.29	202.65	1.48091	0.527769987
77100.0	0.0000250566	340.29	202.45	1.45614	0.535766094
77200.0	0.0000246615	340.29	202.25	1.43176	0.543891310
77300.0	0.0000242722	340.29	202.05	1.40777	0.552147849
77400.0	0.0000238887	340.29	201.85	1.38415	0.560537964
77500.0	0.0000235109	340.29	201.65	1.36091	0.569063950
77600.0	0.0000231387	340.29	201.45	1.33804	0.577728144
77700.0	0.0000227720	340.29	201.25	1.31553	0.586532924
77800.0	0.0000224108	340.29	201.05	1.29337	0.595480713
77900.0	0.0000220550	340.29	200.85	1.27157	0.604573977
78000.0	0.0000217044	340.29	200.65	1.25011	0.613815227
78100.0	0.0000213591	340.29	200.45	1.22900	0.623207022
78200.0	0.0000210190	340.29	200.25	1.20822	0.632751964
78300.0	0.0000206839	340.29	200.05	1.18777	0.642452706
78400.0	0.0000203539	340.29	199.85	1.16765	0.652311948
78500.0	0.0000200287	340.29	199.65	1.14785	0.662332440
78600.0	0.0000197085	340.29	199.45	1.12837	0.672516982
78700.0	0.0000193931	340.29	199.25	1.10919	0.682868427
78800.0	0.0000190824	340.29	199.05	1.09033	0.693389678
78900.0	0.0000187764	340.29	198.85	1.07176	0.704083694
79000.0	0.0000184750	340.29	198.65	1.05350	0.714953486
79100.0	0.0000181781	340.29	198.45	1.03553	0.726002123
79200.0	0.0000178857	340.29	198.25	1.01784	0.737232730
79300.0	0.0000175977	340.29	198.05	1.00045	0.748648488
79400.0	0.0000173141	340.29	197.85	0.98333	0.760252640
79500.0	0.0000170348	340.29	197.65	0.96649	0.772048486
79600.0	0.0000167597	340.29	197.45	0.94992	0.784039389
79700.0	0.0000164888	340.29	197.25	0.93361	0.796228775
79800.0	0.0000162220	340.29	197.05	0.91757	0.808620131
79900.0	0.0000159592	340.29	196.85	0.90180	0.821217012
80000.0	0.0000157004	340.29	196.65	0.88627	0.834023037
80100.0	0.0000154456	340.29	196.45	0.87100	0.847041894
80200.0	0.0000151946	340.29	196.25	0.85598	0.860277338
80300.0	0.0000149475	340.29	196.05	0.84120	0.873733196
80400.0	0.0000147042	340.29	195.85	0.82666	0.887413366
80500.0	0.0000144646	340.29	195.65	0.81236	0.901321818
80600.0	0.0000142286	340.29	195.45	0.79829	0.915462598
80700.0	0.0000139962	340.29	195.25	0.78445	0.929839826
80800.0	0.0000137675	340.29	195.05	0.77084	0.944457701
80900.0	0.0000135422	340.29	194.85	0.75744	0.959320500
81000.0	0.0000133204	340.29	194.65	0.74427	0.974432581
81100.0	0.0000131020	340.29	194.45	0.73132	0.989798383
81200.0	0.0000128869	340.29	194.25	0.71858	1.005422431
81300.0	0.0000126752	340.29	194.05	0.70604	1.021309332
81400.0	0.0000124667	340.29	193.85	0.69371	1.037463784
81500.0	0.0000122615	340.29	193.65	0.68159	1.053890569
81600.0	0.0000120594	340.29	193.45	0.66966	1.070594565
81700.0	0.0000118605	340.29	193.25	0.65794	1.087580738
81800.0	0.0000116646	340.29	193.05	0.64640	1.104854151
81900.0	0.0000114718	340.29	192.85	0.63506	1.122419961
82000.0	0.0000112819	340.29	192.65	0.62390	1.140283424
82100.0	0.0000110951	340.29	192.45	0.61293	1.158449896
82200.0	0.0000109111	340.29	192.25	0.60214	1.176924836
82300.0	0.0000107300	340.29	192.05	0.59153	1.195713806
82400.0	0.0000105517	340.29	191.85	0.58109	1.214822473
82500.0	0.0000103762	340.29	191.65	0.57083	1.234256615
82600.0	0.0000102034	340.29	191.45	0.56074	1.254022118
82700.0	0.0000100333	340.29	191.25	0.55082	1.274124983
82800.0	0.0000098659	340.29	191.05	0.54106	1.294571323
82900.0	0.0000097011	340.29	190.85	0.53147	1.315367371
83000.0	0.0000095389	340.29	190.65	0.52203	1.336519478
83100.0	0.0000093793	340.29	190.45	0.51276	1.358034119
83200.0	0.0000092221	340.29	190.25	0.50364	1.379917892
83300.0	0.0000090674	340.29	190.05	0.49467	1.402177522
83400.0	0.0000089152	340.29	189.85	0.48585	1.424819865
83500.0	0.0000087653	340.29	189.65	0.47718	1.447851909
83600.0	0.0000086179	340.29	189.45	0.46866	1.471280775
83700.0	0.0000084727	340.29	189.25	0.46028	1.495113724
83800.0	0.0000083299	340.29	189.05	0.45204	1.519358158
83900.0	0.0000081893	340.29	188.85	0.44394	1.544021621
84000.0	0.0000080509	340.29	188.65	0.43598	1.569111803
84100.0	0.0000079147	340.29	188.45	0.42815	1.594636546
84200.0	0.0000077807	340.29	188.25	0.42045	1.620603842
84300.0	0.0000076489	340.29	188.05	0.41289	1.647021839
84400.0	0.0000075191	340.29	187.85	0.40545	1.673898846
84500.0	0.0000073914	340.29	187.65	0.39814	1.701243330
84600.0	0.0000072657	340.29	187.45	0.39095	1.729063927
84700.0	0.0000071420	340.29	187.25	0.38389	1.757369441
84800.0	0.0000070203	340.29	187.05	0.37694	1.786168847
84900.0	0.0000068971	340.29	186.95	0.37012	1.817211439
85000.0	0.0000067722	340.29	186.95	0.36342	1.850725153
85100.0	0.0000066495	340.29	186.95	0.35684	1.884856940
85200.0	0.0000065291	340.29	186.95	0.35037	1.919618198
85300.0	0.0000064109	340.29	186.95	0.34403	1.955020536
85400.0	0.0000062948	340.29	186.95	0.33780	1.991075779
85500.0	0.0000061808	340.29	186.95	0.33168	2.027795966
85600.0	0.0000060689	340.29	186.95	0.32568	2.065193360
85700.0	0.0000059590	340.29	186.95	0.31978	2.103280452
85800.0	0.0000058511	340.29	186.95	0.31399	2.142069961
85900.0	0.0000057451	340.29	186.95	0.30830	2.181574841
86000.0	0.0000056411	340.29	186.95	0.30272	2.221808285
86100.0	0.0000055389	340.29	186.95	0.29724	2.262783729
86200.0	0.0000054386	340.29	186.95	0.29186	2.304514859
86300.0	0.0000053402	340.29	186.95	0.28657	2.347015610
86400.0	0.0000052434	340.29	186.95	0.28138	2.390300177
86500.0	0.0000051485	340.29	186.95	0.27629	2.434383014
86600.0	0.0000050553	340.29	186.95	0.27128	2.479278844
86700.0	0.0000049637	340.29	186.95	0.26637	2.525002660
86800.0	0.0000048738	340.29	186.95	0.26155	2.571569732
86900.0	0.0000047856	340.29	186.95	0.25681	2.618995612
87000.0	0.0000046989	340.29	186.95	0.25216	2.667296139
87100.0	0.0000046138	340.29	186.95	0.24759	2.716487442
87200.0	0.0000045303	340.29	186.95	0.24311	2.766585950
87300.0	0.0000044482	340.29	186.95	0.23871	2.817608395
87400.0	0.0000043677	340.29	186.95	0.23439	2.869571815
87500.0	0.0000042886	340.29	186.95	0.23014	2.922493564
87600.0	0.0000042109	340.29	186.95	0.22597	2.976391317
87700.0	0.0000041347	340.29	186.95	0.22188	3.031283073
87800.0	0.0000040598	340.29	186.95	0.21786	3.087187163
87900.0	0.0000039863	340.29	186.95	0.21392	3.144122259
88000.0	0.0000039141	340.29	186.95	0.21004	3.202107373
88100.0	0.0000038432	340.29	186.95	0.20624	3.261161872
88200.0	0.0000037736	340.29	186.95	0.20251	3.321305476
88300.0	0.0000037053	340.29	186.95	0.19884	3.382558271
88400.0	0.0000036382	340.29	186.95	0.19524	3.444940715
88500.0	0.0000035723	340.29	186.95	0.19170	3.508473639
88600.0	0.0000035076	340.29	186.95	0.18823	3.573178262
88700.0	0.0000034441	340.29	186.95	0.18482	3.639076193
88800.0	0.0000033818	340.29	186.95	0.18148	3.706189439
88900.0	0.0000033205	340.29	186.95	0.17819	3.774540413
89000.0	0.0000032604	340.29	186.95	0.17496	3.844151942
89100.0	0.0000032013	340.29	186.95	0.17179	3.915047273
89200.0	0.0000031434	340.29	186.95	0.16868	3.987250084
89300.0	0.0000030865	340.29	186.95	0.16563	4.060784487
89400.0	0.0000030306	340.29	186.95	0.16263	4.135675040
89500.0	0.0000029757	340.29	186.95	0.15969	4.211946753
89600.0	0.0000029218	340.29	186.95	0.15679	4.289625098
89700.0	0.0000028689	340.29	186.95	0.15395	4.368736017
89800.0	0.0000028169	340.29	186.95	0.15117	4.449305931
89900.0	0.0000027659	340.29	186.95	0.14843	4.531361745
90000.0	0.0000027158	340.29	186.95	0.14574	4.614930865
